10
55
29 32 13 47 51 13 37 17 43 20 28 46 17 38 52 49 39 10 33 47 55 41 46 24 20 8 16 43 26 4 43 43 15 2 16 54 16 55 8 8 48 46 55 51 21 32 25 45 38 5 37 42 17 41 45 
52
1 41 7 13 17 35 15 34 46 40 18 43 36 20 35 34 19 37 52 25 49 23 7 31 52 1 30 16 37 20 48 21 9 20 12 39 25 34 2 46 27 9 38 5 3 11 39 40 51 45 29 27 
87
72 33 35 68 79 56 70 53 82 80 87 10 46 81 26 51 43 28 78 67 76 63 82 28 14 34 16 41 53 68 83 6 15 4 39 43 75 68 37 77 12 55 59 67 66 51 6 79 72 6 77 74 40 47 72 20 2 37 44 65 22 22 6 79 9 9 46 48 35 86 24 66 47 58 42 51 85 11 20 45 23 39 25 53 56 43 69 
37
27 29 22 13 27 36 2 8 33 1 2 31 22 24 31 17 15 13 36 25 34 3 23 34 35 11 32 33 11 30 37 20 34 18 19 29 28 
92
35 75 74 89 20 34 17 14 54 57 60 73 15 85 65 11 41 21 6 1 75 33 10 14 60 60 69 59 88 24 48 53 38 49 76 69 72 11 13 82 72 84 74 78 33 11 76 50 21 58 46 71 8 89 70 25 80 48 37 44 67 11 12 91 42 80 88 88 55 53 39 21 69 22 43 52 75 17 15 83 86 32 12 1 11 59 25 68 92 11 81 61 
33
19 10 15 25 17 11 5 2 2 10 15 13 29 19 27 24 16 11 28 17 25 15 27 2 18 32 27 8 27 5 23 14 33 
1
1 
45
11 33 22 7 16 10 8 10 16 26 38 2 1 32 18 19 34 41 31 29 24 42 45 4 33 3 36 25 42 21 5 42 18 12 22 44 5 12 28 42 5 22 32 7 4 
64
52 37 40 10 19 32 48 12 2 46 44 27 3 30 9 9 50 40 36 7 10 43 55 58 43 26 56 17 27 49 62 21 10 47 38 1 26 63 53 21 30 55 62 38 34 4 7 56 45 37 39 14 2 24 50 1 45 18 25 16 60 51 11 55 
95
12 67 5 24 37 56 56 49 63 3 15 34 46 33 84 8 27 59 39 28 27 74 73 33 5 53 49 48 6 63 48 11 14 55 13 42 18 42 84 74 48 47 40 22 4 57 2 50 26 25 52 26 19 74 61 13 86 68 30 9 94 14 24 20 35 41 80 24 64 61 33 14 86 10 55 62 6 10 92 16 39 71 27 38 24 37 23 11 31 62 18 20 28 69 26 
