10
6 475
13 35 39 40 47 59
321 4
84 2
71 1
365 6
424 3
170 5
10 415
4 9 29 30 50 70 72 76 77 83
191 3
81 6
273 7
179 1
180 8
342 2
327 10
110 5
396 9
122 4
7 230
5 13 49 58 63 67 68
38 7
194 2
125 5
126 1
135 4
24 6
43 3
7 852
2 11 39 45 62 68 94
827 2
324 4
213 1
759 6
830 3
530 5
134 7
7 118
6 19 25 27 44 72 93
17 5
73 6
112 3
19 2
56 1
44 7
41 4
10 177
9 26 46 49 53 66 69 78 81 89
93 4
103 7
140 8
157 10
40 5
65 6
171 9
33 1
97 3
142 2
6 224
11 22 45 49 81 82
81 6
63 5
148 2
49 1
194 3
191 4
8 322
10 13 14 17 18 39 72 88
305 2
273 7
183 6
243 3
296 5
247 1
225 8
207 4
8 159
11 15 20 26 31 42 77 91
97 1
156 5
78 4
130 6
30 3
86 7
31 8
24 2
9 833
6 10 12 32 57 70 71 83 92
378 8
90 4
590 6
772 3
684 9
231 2
492 7
60 1
652 5
